x <- 1+1

m <- 1+4+x

added